3 0.22111111 0.30462725 0.07777778 0.11053985
3 0.09888889 0.33097686 0.10444444 0.05784062
3 0.53666667 0.36568123 0.09333333 0.16838046
3 0.43111111 0.37724936 0.06666667 0.10411311
3 0.37833333 0.28920308 0.12555556 0.08740360
3 0.31444444 0.23586118 0.06000000 0.04755784
3 0.28944444 0.29562982 0.05444444 0.10796915
3 0.23000000 0.23586118 0.08888889 0.04498715
3 0.20777778 0.17673522 0.08666667 0.04755784
3 0.68333333 0.39203085 0.06666667 0.16195373
3 0.74111111 0.44794344 0.06666667 0.15295630
3 0.64333333 0.30976864 0.08666667 0.10282776
3 0.81111111 0.56233933 0.06444444 0.09125964
3 0.84333333 0.62146530 0.04000000 0.16838046
3 0.88055556 0.49357326 0.07222222 0.07712082
3 0.51833333 0.67223650 0.10333333 0.07712082
3 0.52833333 0.60796915 0.08555556 0.07197943
3 0.64555556 0.70437018 0.11777778 0.12082262
