5 0.54345703 0.61979167 0.19824219 0.41145833
5 0.81591797 0.25976562 0.13183594 0.20182292
5 0.86816406 0.52408854 0.17773438 0.23307292
5 0.75000000 0.61588542 0.17187500 0.28906250
5 0.67724609 0.49414062 0.08105469 0.12890625
5 0.69335938 0.31575521 0.08984375 0.17317708
5 0.53857422 0.19075521 0.27246094 0.34244792
5 0.48681641 0.48177083 0.11035156 0.19270833
5 0.38281250 0.49283854 0.14843750 0.23567708
5 0.22070312 0.40690104 0.35546875 0.32682292
5 0.39599609 0.29101562 0.14355469 0.14192708
