5 0.46346154 0.64375000 0.06153846 0.25625000
5 0.27403846 0.62343750 0.05961538 0.14687500
5 0.09423077 0.57812500 0.05769231 0.25625000
5 0.31634615 0.19062500 0.05961538 0.04375000
5 0.90961538 0.73906250 0.10384615 0.29062500
5 0.90000000 0.42812500 0.05000000 0.12500000
5 0.72788462 0.67656250 0.05576923 0.17812500
5 0.71153846 0.78281250 0.07692308 0.10937500
5 0.77500000 0.85937500 0.05384615 0.18750000
5 0.68365385 0.48437500 0.10192308 0.23125000
5 0.86826923 0.68906250 0.04807692 0.18437500
5 0.74134615 0.39687500 0.07500000 0.16250000
5 0.14326923 0.32500000 0.06346154 0.12500000
5 0.44038462 0.44843750 0.06538462 0.22187500
5 0.37115385 0.58906250 0.07692308 0.20937500
5 0.89615385 0.55625000 0.12307692 0.13750000
5 0.60961538 0.38593750 0.08461538 0.19062500
