3 0.36000000 0.52265861 0.12444444 0.28398792
3 0.67500000 0.21827795 0.20777778 0.28549849
3 0.55500000 0.08534743 0.20555556 0.16767372
3 0.34555556 0.07854985 0.17111111 0.15407855
3 0.19444444 0.49395770 0.22888889 0.26888218
3 0.17000000 0.78096677 0.08666667 0.28700906
3 0.29222222 0.85649547 0.14444444 0.27794562
3 0.71000000 0.93429003 0.16666667 0.13141994
3 0.82388889 0.88897281 0.28777778 0.12235650
3 0.79555556 0.71827795 0.14222222 0.24018127
3 0.93722222 0.77719033 0.12555556 0.08610272
3 0.74166667 0.36631420 0.17222222 0.14954683
3 0.86333333 0.28247734 0.10444444 0.24471299
