5 0.75836075 0.45010965 0.07867325 0.15460526
5 0.26027961 0.37938596 0.09841009 0.09649123
5 0.34635417 0.70906433 0.06496711 0.14181287
5 0.84978070 0.23300439 0.07785088 0.16337719
5 0.71093750 0.13596491 0.14830044 0.08552632
5 0.41584430 0.16392544 0.12938596 0.08223684
5 0.35964912 0.25493421 0.08826754 0.11878655
5 0.69627193 0.63340643 0.05811404 0.12134503
5 0.63061952 0.65844298 0.08908991 0.12390351
5 0.58223684 0.32108918 0.06962719 0.12975146
5 0.52480811 0.32236842 0.07757675 0.14400585
5 0.69969846 0.30025585 0.11869518 0.18823099
