9 0.7172094 0.6305133 0.0599447 0.1199427
9 0.7184060 0.4801681 0.0900396 0.1448572
9 0.5851148 0.6540066 0.1140658 0.1283040
9 0.1780830 0.4486380 0.1325970 0.1707418
9 0.1086008 0.3342939 0.1327658 0.1692699
9 0.7667256 0.6976864 0.0829016 0.1069746
9 0.4999739 0.7452409 0.0831477 0.1632254
9 0.5490029 0.5487410 0.0797824 0.1509972
9 0.1598253 0.7404093 0.1123460 0.1770860
9 0.2743154 0.9386542 0.0897553 0.1226917
9 0.4512483 0.7999997 0.1093950 0.1509838
9 0.7616917 0.8216996 0.0973829 0.1272839
9 0.4402930 0.7056694 0.0676537 0.0910086
9 0.4251796 0.5063564 0.1194417 0.1184117
9 0.6222682 0.7537516 0.1495103 0.1344134
9 0.7305190 0.9549864 0.0872153 0.0900272
9 0.7877329 0.5773086 0.0973054 0.1114337
