9 0.5577370 0.5720610 0.1172857 0.1084167
9 0.5320575 0.4731195 0.0665379 0.1299830
9 0.4175267 0.4300341 0.1166513 0.1073072
9 0.3246843 0.6000331 0.1243364 0.1361508
9 0.2634211 0.8345437 0.0859621 0.1585237
9 0.6735303 0.8550256 0.1020457 0.1769600
9 0.1930314 0.3379836 0.1521510 0.1519435
9 0.4926304 0.8547143 0.1120214 0.1345354
9 0.4530390 0.4155119 0.0328385 0.0989146
9 0.1048199 0.7742551 0.1184182 0.1591523
9 0.6250755 0.6993870 0.1213016 0.1035733
9 0.4749910 0.6435277 0.0767426 0.1551258
9 0.0927724 0.4929904 0.1041872 0.1823693
9 0.3521397 0.7137875 0.1110783 0.1656441
9 0.6850010 0.4208024 0.0888575 0.1693629
