9 0.2585226 0.4709891 0.1825306 0.1559527
9 0.6705334 0.4064393 0.1645979 0.1766074
9 0.1099272 0.1190290 0.0677268 0.1058557
9 0.3583655 0.1567302 0.1125210 0.0978791
9 0.3216218 0.0499205 0.0840652 0.0965417
9 0.5873482 0.2904740 0.1683492 0.0832684
9 0.5434337 0.1218033 0.0398931 0.1353517
9 0.3368882 0.3537450 0.0889170 0.1543346
9 0.5318980 0.2499600 0.0629645 0.1616660
9 0.4605972 0.3099685 0.0479550 0.2514063
9 0.2750659 0.1045300 0.0633970 0.1042616
9 0.1140362 0.5411691 0.0773483 0.1975442
