9 0.5379831 0.9300663 0.0507943 0.1398674
9 0.6510536 0.6774417 0.0988435 0.1422623
9 0.1128459 0.7435054 0.0645072 0.1304023
9 0.6903175 0.8872501 0.0809633 0.1381363
9 0.2418481 0.9515459 0.1018583 0.0869760
9 0.6867572 0.3487534 0.0966865 0.0949740
9 0.0860801 0.8854213 0.1035776 0.1076626
9 0.5497842 0.4204126 0.1017819 0.0978137
9 0.2854909 0.8041335 0.0707131 0.1870247
9 0.5467839 0.5863750 0.0331927 0.1515769
9 0.6132709 0.5578772 0.0917928 0.1881748
9 0.3104943 0.4445353 0.4898225 0.6132768
