9 0.4701874 0.4591658 0.0762365 0.0833081
9 0.6216933 0.3105260 0.1022261 0.1233994
9 0.6625872 0.6000572 0.1091149 0.1121001
9 0.2863335 0.2499034 0.0877250 0.0883077
9 0.5172706 0.5639639 0.0701348 0.0726535
9 0.5980988 0.4513340 0.0847296 0.0876074
9 0.4970822 0.2780823 0.0539649 0.0582359
9 0.5421523 0.3950188 0.0424561 0.0765906
9 0.3038037 0.6244379 0.1124266 0.1755351
9 0.6952078 0.5152246 0.0866401 0.0919869
9 0.2737549 0.4602961 0.0778631 0.0792645
9 0.3268032 0.3020160 0.0641531 0.0772901
9 0.4264457 0.5459204 0.0828792 0.0797240
9 0.5371108 0.7035569 0.0525389 0.0904452
9 0.3821593 0.5789978 0.0544652 0.0899526
9 0.2913691 0.2675784 0.1023311 0.0371543
9 0.5125884 0.4394964 0.0439101 0.0529068
9 0.5459291 0.5997351 0.0348408 0.0894146
9 0.5580697 0.2479012 0.0105976 0.0939592
9 0.5317789 0.2759047 0.0321055 0.0541568
9 0.2727702 0.3726430 0.0727046 0.0593691
9 0.4497291 0.5425194 0.0262188 0.1065189
9 0.5554910 0.2994404 0.0157134 0.0632747
