9 0.2935648 0.1790028 0.0758742 0.1459716
9 0.4673023 0.2475362 0.0653955 0.0980214
9 0.3957815 0.6363768 0.1055576 0.1408001
9 0.6685469 0.3240507 0.0995577 0.1237221
9 0.6697118 0.5823067 0.0570979 0.0916497
9 0.4188698 0.4572426 0.0377395 0.0773711
9 0.3735847 0.4431441 0.0699325 0.0994765
9 0.4360298 0.5837164 0.0786038 0.1007263
9 0.4699489 0.8353768 0.0601021 0.1306039
9 0.5153433 0.3792517 0.0306866 0.1663352
9 0.6434288 0.5097716 0.0795691 0.0872949
9 0.4826926 0.7612042 0.0345555 0.1274165
9 0.7798903 0.4468787 0.0802155 0.1457223
9 0.5618895 0.5333785 0.0383731 0.0853170
9 0.4261357 0.6793293 0.0515022 0.0637822
9 0.5774922 0.2240584 0.0555376 0.0820675
9 0.6953174 0.6753045 0.0889734 0.1382656
9 0.4369231 0.6386824 0.1851545 0.2590099
9 0.3530741 0.2299961 0.0600651 0.1321228
