9 0.6602158 0.5346159 0.0873392 0.0963380
9 0.4529135 0.5959328 0.0756890 0.1079754
9 0.3984277 0.6322953 0.0854388 0.1156974
9 0.6900815 0.3535757 0.0938747 0.1239283
9 0.4742555 0.8418629 0.0514889 0.1229897
9 0.3931488 0.4437282 0.0634780 0.0886735
9 0.6236164 0.1608920 0.0539618 0.1051726
9 0.3225556 0.1738243 0.0758232 0.1403490
9 0.7088074 0.7003027 0.0838047 0.1264218
9 0.5194375 0.2580361 0.0388749 0.1039496
9 0.4170280 0.6288011 0.0340559 0.1143835
9 0.4291670 0.4575261 0.0583340 0.0819143
9 0.6827361 0.6105781 0.0482315 0.0899803
9 0.3821389 0.2305501 0.0669615 0.1296903
9 0.5222374 0.6887489 0.0444748 0.1155682
9 0.7964401 0.4877443 0.0836962 0.1451770
9 0.4505942 0.6303988 0.1883363 0.3362714
9 0.6041915 0.2536153 0.0555420 0.0769408
9 0.4829612 0.2667338 0.0340439 0.0987795
9 0.4146712 0.5551975 0.0293424 0.0989710
