9 0.5163552 0.5237484 0.0940502 0.1117834
9 0.4981126 0.4219508 0.0654865 0.1369679
9 0.6489511 0.5094220 0.0605372 0.1160463
9 0.6849440 0.6935886 0.0934984 0.1151703
9 0.5722831 0.6784723 0.1512282 0.1454029
9 0.3845210 0.3812641 0.1241092 0.1053822
9 0.6598115 0.3733793 0.0911185 0.1554069
9 0.2263312 0.7928398 0.0894092 0.1581721
9 0.6184823 0.9409986 0.0847769 0.1180029
9 0.5245553 0.5984836 0.0776499 0.1341351
9 0.5288948 0.6914537 0.0689709 0.1194401
9 0.3244099 0.8649762 0.0861784 0.1172400
9 0.3804154 0.6889125 0.0941988 0.1727790
9 0.6935932 0.5901230 0.0929278 0.1253921
9 0.1456413 0.3008955 0.1300340 0.1041384
9 0.4600008 0.5937688 0.0467622 0.1674160
9 0.6488255 0.8283043 0.0920221 0.1023939
